Torus_R&B/0000.png 0.276388 -0.850649 0.447220
Torus_R&B/0001.png -0.723607 -0.525725 0.447220
Torus_R&B/0002.png -0.723607 0.525725 0.447220
Torus_R&B/0003.png 0.276388 0.850649 0.447220
Torus_R&B/0004.png 0.894426 0.000000 0.447216
Torus_R&B/0005.png 0.000000 0.000000 1.000000
Torus_R&B/0006.png 0.931188 -0.070089 0.357738
Torus_R&B/0007.png 0.956626 -0.147618 0.251149
Torus_R&B/0008.png 0.964711 -0.229041 0.129893
Torus_R&B/0009.png 0.964711 0.229041 0.129893
Torus_R&B/0010.png 0.956626 0.147618 0.251149
Torus_R&B/0011.png 0.931188 0.070089 0.357738
Torus_R&B/0012.png 0.221089 -0.907271 0.357741
Torus_R&B/0013.png 0.155215 -0.955422 0.251152
Torus_R&B/0014.png 0.080276 -0.988273 0.129894
Torus_R&B/0015.png 0.515946 -0.846716 0.129894
Torus_R&B/0016.png 0.436007 -0.864188 0.251152
Torus_R&B/0017.png 0.354409 -0.863953 0.357742
Torus_R&B/0018.png -0.794547 -0.490629 0.357741
Torus_R&B/0019.png -0.860698 -0.442858 0.251151
Torus_R&B/0020.png -0.915098 -0.381737 0.129893
Torus_R&B/0021.png -0.645839 -0.752342 0.129894
Torus_R&B/0022.png -0.687159 -0.681715 0.251152
Torus_R&B/0023.png -0.712150 -0.604039 0.357741
Torus_R&B/0024.png -0.712150 0.604039 0.357741
Torus_R&B/0025.png -0.687159 0.681715 0.251152
Torus_R&B/0026.png -0.645839 0.752343 0.129894
Torus_R&B/0027.png -0.915098 0.381737 0.129893
Torus_R&B/0028.png -0.860698 0.442858 0.251151
Torus_R&B/0029.png -0.794547 0.490629 0.357741
Torus_R&B/0030.png 0.354409 0.863953 0.357742
Torus_R&B/0031.png 0.436007 0.864188 0.251152
Torus_R&B/0032.png 0.515946 0.846716 0.129894
Torus_R&B/0033.png 0.080276 0.988273 0.129894
Torus_R&B/0034.png 0.155215 0.955422 0.251152
Torus_R&B/0035.png 0.221089 0.907271 0.357741
Torus_R&B/0036.png 0.871565 -0.113408 0.476984
Torus_R&B/0037.png 0.831051 -0.238853 0.502299
Torus_R&B/0038.png 0.769872 -0.370600 0.519570
Torus_R&B/0039.png 0.688189 -0.499997 0.525736
Torus_R&B/0040.png 0.590366 -0.617668 0.519572
Torus_R&B/0041.png 0.483971 -0.716565 0.502302
Torus_R&B/0042.png 0.377183 -0.793861 0.476988
Torus_R&B/0043.png 0.161465 -0.863951 0.476988
Torus_R&B/0044.png 0.029639 -0.864184 0.502302
Torus_R&B/0045.png -0.114564 -0.846711 0.519573
Torus_R&B/0046.png -0.262869 -0.809012 0.525738
Torus_R&B/0047.png -0.405008 -0.752338 0.519572
Torus_R&B/0048.png -0.531941 -0.681712 0.502302
Torus_R&B/0049.png -0.638453 -0.604038 0.476987
Torus_R&B/0050.png -0.771771 -0.420539 0.476987
Torus_R&B/0051.png -0.812729 -0.295238 0.502301
Torus_R&B/0052.png -0.840673 -0.152694 0.519571
Torus_R&B/0053.png -0.850648 0.000000 0.525736
Torus_R&B/0054.png -0.840673 0.152694 0.519571
Torus_R&B/0055.png -0.812729 0.295238 0.502301
Torus_R&B/0056.png -0.771771 0.420539 0.476987
Torus_R&B/0057.png -0.638452 0.604038 0.476987
Torus_R&B/0058.png -0.531941 0.681712 0.502302
Torus_R&B/0059.png -0.405008 0.752338 0.519572
Torus_R&B/0060.png -0.262869 0.809012 0.525738
Torus_R&B/0061.png -0.114564 0.846711 0.519572
Torus_R&B/0062.png 0.029639 0.864184 0.502302
Torus_R&B/0063.png 0.161465 0.863951 0.476988
Torus_R&B/0064.png 0.377183 0.793861 0.476988
Torus_R&B/0065.png 0.483971 0.716565 0.502302
Torus_R&B/0066.png 0.590366 0.617668 0.519572
Torus_R&B/0067.png 0.688189 0.499997 0.525736
Torus_R&B/0068.png 0.769872 0.370600 0.519570
Torus_R&B/0069.png 0.831051 0.238853 0.502299
