Torus_RGB_71ims/0000.png 0.276388 0.447220 0.850649
Torus_RGB_71ims/0001.png -0.723607 0.447220 0.525725
Torus_RGB_71ims/0002.png -0.723607 0.447220 -0.525725
Torus_RGB_71ims/0003.png 0.276388 0.447220 -0.850649
Torus_RGB_71ims/0004.png 0.894426 0.447216 0.000000
Torus_RGB_71ims/0005.png 0.000000 1.000000 0.000000
Torus_RGB_71ims/0006.png 0.956626 0.251149 0.147618
Torus_RGB_71ims/0007.png 0.956626 0.251149 -0.147618
Torus_RGB_71ims/0008.png 0.155215 0.251152 0.955422
Torus_RGB_71ims/0009.png 0.436007 0.251152 0.864188
Torus_RGB_71ims/0010.png -0.860698 0.251151 0.442858
Torus_RGB_71ims/0011.png -0.687159 0.251152 0.681715
Torus_RGB_71ims/0012.png -0.687159 0.251152 -0.681715
Torus_RGB_71ims/0013.png -0.860698 0.251151 -0.442858
Torus_RGB_71ims/0014.png 0.436007 0.251152 -0.864188
Torus_RGB_71ims/0015.png 0.155215 0.251152 -0.955422
Torus_RGB_71ims/0016.png 0.831051 0.502299 0.238853
Torus_RGB_71ims/0017.png 0.688189 0.525736 0.499997
Torus_RGB_71ims/0018.png 0.483971 0.502302 0.716565
Torus_RGB_71ims/0019.png 0.029639 0.502302 0.864184
Torus_RGB_71ims/0020.png -0.262869 0.525738 0.809012
Torus_RGB_71ims/0021.png -0.531941 0.502302 0.681712
Torus_RGB_71ims/0022.png -0.812729 0.502301 0.295238
Torus_RGB_71ims/0023.png -0.850648 0.525736 0.000000
Torus_RGB_71ims/0024.png -0.812729 0.502301 -0.295238
Torus_RGB_71ims/0025.png -0.531941 0.502302 -0.681712
Torus_RGB_71ims/0026.png -0.262869 0.525738 -0.809012
Torus_RGB_71ims/0027.png 0.029639 0.502302 -0.864184
Torus_RGB_71ims/0028.png 0.483971 0.502302 -0.716565
Torus_RGB_71ims/0029.png 0.688189 0.525736 -0.499997
Torus_RGB_71ims/0030.png 0.831051 0.502299 -0.238853
Torus_RGB_71ims/0031.png 0.077607 0.967950 0.238853
Torus_RGB_71ims/0032.png 0.162456 0.850654 0.499995
Torus_RGB_71ims/0033.png 0.232822 0.657519 0.716563
Torus_RGB_71ims/0034.png 0.753442 0.657515 0.000000
Torus_RGB_71ims/0035.png 0.525730 0.850652 0.000000
Torus_RGB_71ims/0036.png 0.251147 0.967949 0.000000
Torus_RGB_71ims/0037.png -0.203181 0.967950 0.147618
Torus_RGB_71ims/0038.png -0.425323 0.850654 0.309011
Torus_RGB_71ims/0039.png -0.609547 0.657519 0.442856
Torus_RGB_71ims/0040.png -0.203181 0.967950 -0.147618
Torus_RGB_71ims/0041.png -0.425323 0.850654 -0.309011
Torus_RGB_71ims/0042.png -0.609547 0.657519 -0.442856
Torus_RGB_71ims/0043.png 0.077607 0.967950 -0.238853
Torus_RGB_71ims/0044.png 0.162456 0.850654 -0.499995
Torus_RGB_71ims/0045.png 0.232822 0.657519 -0.716563
Torus_RGB_71ims/0046.png 0.361800 0.894429 -0.262863
Torus_RGB_71ims/0047.png 0.638194 0.723610 -0.262864
Torus_RGB_71ims/0048.png 0.447209 0.723612 -0.525728
Torus_RGB_71ims/0049.png -0.138197 0.894430 -0.425319
Torus_RGB_71ims/0050.png -0.052790 0.723612 -0.688185
Torus_RGB_71ims/0051.png -0.361804 0.723612 -0.587778
Torus_RGB_71ims/0052.png -0.447210 0.894429 0.000000
Torus_RGB_71ims/0053.png -0.670817 0.723611 -0.162457
Torus_RGB_71ims/0054.png -0.670817 0.723611 0.162457
Torus_RGB_71ims/0055.png -0.138197 0.894430 0.425319
Torus_RGB_71ims/0056.png -0.361804 0.723612 0.587778
Torus_RGB_71ims/0057.png -0.052790 0.723612 0.688185
Torus_RGB_71ims/0058.png 0.361800 0.894429 0.262863
Torus_RGB_71ims/0059.png 0.447209 0.723612 0.525728
Torus_RGB_71ims/0060.png 0.638194 0.723610 0.262864
Torus_RGB_71ims/0061.png 0.861804 0.276396 -0.425322
Torus_RGB_71ims/0062.png 0.670821 0.276397 -0.688189
Torus_RGB_71ims/0063.png -0.138199 0.276397 -0.951055
Torus_RGB_71ims/0064.png -0.447215 0.276397 -0.850649
Torus_RGB_71ims/0065.png -0.947213 0.276396 -0.162458
Torus_RGB_71ims/0066.png -0.947213 0.276397 0.162458
Torus_RGB_71ims/0067.png -0.447216 0.276397 0.850648
Torus_RGB_71ims/0068.png -0.138199 0.276397 0.951055
Torus_RGB_71ims/0069.png 0.670820 0.276396 0.688190
Torus_RGB_71ims/0070.png 0.861804 0.276394 0.425323
