Torus_R&B/0000.png 0.276388 -0.850649 0.447220
Torus_R&B/0001.png -0.723607 -0.525725 0.447220
Torus_R&B/0002.png -0.723607 0.525725 0.447220
Torus_R&B/0003.png 0.276388 0.850649 0.447220
Torus_R&B/0004.png 0.894426 0.000000 0.447216
Torus_R&B/0005.png 0.000000 0.000000 1.000000
Torus_R&B/0006.png 0.931188 -0.070089 0.357738
Torus_R&B/0007.png 0.956626 -0.147618 0.251149
Torus_R&B/0008.png 0.964711 -0.229041 0.129893
Torus_R&B/0009.png 0.964711 0.229041 0.129893
Torus_R&B/0010.png 0.956626 0.147618 0.251149
Torus_R&B/0011.png 0.931188 0.070089 0.357738
Torus_R&B/0012.png 0.221089 -0.907271 0.357741
Torus_R&B/0013.png 0.155215 -0.955422 0.251152
Torus_R&B/0014.png 0.080276 -0.988273 0.129894
Torus_R&B/0015.png 0.515946 -0.846716 0.129894
Torus_R&B/0016.png 0.436007 -0.864188 0.251152
Torus_R&B/0017.png 0.354409 -0.863953 0.357742
Torus_R&B/0018.png -0.794547 -0.490629 0.357741
Torus_R&B/0019.png -0.860698 -0.442858 0.251151
Torus_R&B/0020.png -0.915098 -0.381737 0.129893
Torus_R&B/0021.png -0.645839 -0.752342 0.129894
Torus_R&B/0022.png -0.687159 -0.681715 0.251152
Torus_R&B/0023.png -0.712150 -0.604039 0.357741
Torus_R&B/0024.png -0.712150 0.604039 0.357741
Torus_R&B/0025.png -0.687159 0.681715 0.251152
Torus_R&B/0026.png -0.645839 0.752343 0.129894
Torus_R&B/0027.png -0.915098 0.381737 0.129893
Torus_R&B/0028.png -0.860698 0.442858 0.251151
Torus_R&B/0029.png -0.794547 0.490629 0.357741
Torus_R&B/0030.png 0.354409 0.863953 0.357742
Torus_R&B/0031.png 0.436007 0.864188 0.251152
Torus_R&B/0032.png 0.515946 0.846716 0.129894
Torus_R&B/0033.png 0.080276 0.988273 0.129894
Torus_R&B/0034.png 0.155215 0.955422 0.251152
Torus_R&B/0035.png 0.221089 0.907271 0.357741
Torus_R&B/0036.png 0.871565 -0.113408 0.476984
Torus_R&B/0037.png 0.831051 -0.238853 0.502299
Torus_R&B/0038.png 0.769872 -0.370600 0.519570
Torus_R&B/0039.png 0.688189 -0.499997 0.525736
Torus_R&B/0040.png 0.590366 -0.617668 0.519572
Torus_R&B/0041.png 0.483971 -0.716565 0.502302
Torus_R&B/0042.png 0.377183 -0.793861 0.476988
Torus_R&B/0043.png 0.161465 -0.863951 0.476988
Torus_R&B/0044.png 0.029639 -0.864184 0.502302
Torus_R&B/0045.png -0.114564 -0.846711 0.519573
Torus_R&B/0046.png -0.262869 -0.809012 0.525738
Torus_R&B/0047.png -0.405008 -0.752338 0.519572
Torus_R&B/0048.png -0.531941 -0.681712 0.502302
Torus_R&B/0049.png -0.638453 -0.604038 0.476987
Torus_R&B/0050.png -0.771771 -0.420539 0.476987
Torus_R&B/0051.png -0.812729 -0.295238 0.502301
Torus_R&B/0052.png -0.840673 -0.152694 0.519571
Torus_R&B/0053.png -0.850648 0.000000 0.525736
Torus_R&B/0054.png -0.840673 0.152694 0.519571
Torus_R&B/0055.png -0.812729 0.295238 0.502301
Torus_R&B/0056.png -0.771771 0.420539 0.476987
Torus_R&B/0057.png -0.638452 0.604038 0.476987
Torus_R&B/0058.png -0.531941 0.681712 0.502302
Torus_R&B/0059.png -0.405008 0.752338 0.519572
Torus_R&B/0060.png -0.262869 0.809012 0.525738
Torus_R&B/0061.png -0.114564 0.846711 0.519572
Torus_R&B/0062.png 0.029639 0.864184 0.502302
Torus_R&B/0063.png 0.161465 0.863951 0.476988
Torus_R&B/0064.png 0.377183 0.793861 0.476988
Torus_R&B/0065.png 0.483971 0.716565 0.502302
Torus_R&B/0066.png 0.590366 0.617668 0.519572
Torus_R&B/0067.png 0.688189 0.499997 0.525736
Torus_R&B/0068.png 0.769872 0.370600 0.519570
Torus_R&B/0069.png 0.831051 0.238853 0.502299
Torus_R&B/0070.png 0.871565 0.113408 0.476984
Torus_R&B/0071.png 0.036848 -0.113408 0.992865
Torus_R&B/0072.png 0.077607 -0.238853 0.967950
Torus_R&B/0073.png 0.120413 -0.370598 0.920955
Torus_R&B/0074.png 0.162456 -0.499995 0.850654
Torus_R&B/0075.png 0.200688 -0.617666 0.760403
Torus_R&B/0076.png 0.232822 -0.716563 0.657519
Torus_R&B/0077.png 0.257937 -0.793860 0.550685
Torus_R&B/0078.png 0.834716 0.000000 0.550681
Torus_R&B/0079.png 0.753442 0.000000 0.657515
Torus_R&B/0080.png 0.649456 0.000000 0.760399
Torus_R&B/0081.png 0.525730 0.000000 0.850652
Torus_R&B/0082.png 0.389673 0.000000 0.920953
Torus_R&B/0083.png 0.251147 0.000000 0.967949
Torus_R&B/0084.png 0.119245 0.000000 0.992865
Torus_R&B/0085.png -0.096471 -0.070089 0.992865
Torus_R&B/0086.png -0.203181 -0.147618 0.967950
Torus_R&B/0087.png -0.315251 -0.229040 0.920955
Torus_R&B/0088.png -0.425323 -0.309011 0.850654
Torus_R&B/0089.png -0.525420 -0.381735 0.760403
Torus_R&B/0090.png -0.609547 -0.442856 0.657519
Torus_R&B/0091.png -0.675300 -0.490628 0.550685
Torus_R&B/0092.png -0.096471 0.070089 0.992865
Torus_R&B/0093.png -0.203181 0.147618 0.967950
Torus_R&B/0094.png -0.315251 0.229040 0.920955
Torus_R&B/0095.png -0.425323 0.309011 0.850654
Torus_R&B/0096.png -0.525420 0.381735 0.760403
Torus_R&B/0097.png -0.609547 0.442856 0.657519
Torus_R&B/0098.png -0.675300 0.490628 0.550685
Torus_R&B/0099.png 0.036848 0.113408 0.992865
Torus_R&B/0100.png 0.077607 0.238853 0.967950
Torus_R&B/0101.png 0.120413 0.370598 0.920955
Torus_R&B/0102.png 0.162456 0.499995 0.850654
Torus_R&B/0103.png 0.200688 0.617666 0.760403
Torus_R&B/0104.png 0.232822 0.716563 0.657519
Torus_R&B/0105.png 0.257937 0.793860 0.550685
Torus_R&B/0106.png 0.166198 0.120749 0.978672
Torus_R&B/0107.png 0.307167 0.126518 0.943208
Torus_R&B/0108.png 0.215245 0.253036 0.943209
Torus_R&B/0109.png 0.451375 0.129731 0.882854
Torus_R&B/0110.png 0.361800 0.262863 0.894429
Torus_R&B/0111.png 0.262862 0.389192 0.882855
Torus_R&B/0112.png 0.587783 0.129731 0.798549
Torus_R&B/0113.png 0.506729 0.266403 0.819912
Torus_R&B/0114.png 0.409951 0.399604 0.819913
Torus_R&B/0115.png 0.305014 0.518924 0.798552
Torus_R&B/0116.png 0.706258 0.126519 0.696558
Torus_R&B/0117.png 0.638194 0.262864 0.723610
Torus_R&B/0118.png 0.550008 0.399605 0.733353
Torus_R&B/0119.png 0.447209 0.525728 0.723612
Torus_R&B/0120.png 0.338569 0.632593 0.696561
Torus_R&B/0121.png 0.801022 0.120750 0.586331
Torus_R&B/0122.png 0.747366 0.253038 0.614342
Torus_R&B/0123.png 0.672087 0.389194 0.629942
Torus_R&B/0124.png 0.577830 0.518926 0.629943
Torus_R&B/0125.png 0.471599 0.632594 0.614344
Torus_R&B/0126.png 0.362366 0.724502 0.586334
Torus_R&B/0127.png -0.063483 0.195376 0.978672
Torus_R&B/0128.png -0.025408 0.331227 0.943209
Torus_R&B/0129.png -0.174138 0.282901 0.943209
Torus_R&B/0130.png 0.016098 0.469369 0.882855
Torus_R&B/0131.png -0.138197 0.425319 0.894430
Torus_R&B/0132.png -0.288916 0.370262 0.882855
Torus_R&B/0133.png 0.058250 0.599101 0.798552
Torus_R&B/0134.png -0.096779 0.564248 0.819914
Torus_R&B/0135.png -0.253366 0.513369 0.819914
Torus_R&B/0136.png -0.399272 0.450440 0.798552
Torus_R&B/0137.png 0.097915 0.710785 0.696561
Torus_R&B/0138.png -0.052790 0.688185 0.723612
Torus_R&B/0139.png -0.210088 0.646571 0.733355
Torus_R&B/0140.png -0.361804 0.587778 0.723612
Torus_R&B/0141.png -0.497009 0.517479 0.696561
Torus_R&B/0142.png 0.132684 0.799129 0.586334
Torus_R&B/0143.png -0.009708 0.788978 0.614345
Torus_R&B/0144.png -0.162463 0.759458 0.629944
Torus_R&B/0145.png -0.314971 0.709904 0.629944
Torus_R&B/0146.png -0.455902 0.643998 0.614344
Torus_R&B/0147.png -0.577066 0.568513 0.586334
Torus_R&B/0148.png -0.205432 0.000000 0.978671
Torus_R&B/0149.png -0.322868 0.078192 0.943208
Torus_R&B/0150.png -0.322868 -0.078192 0.943208
Torus_R&B/0151.png -0.441423 0.160354 0.882855
Torus_R&B/0152.png -0.447210 -0.000000 0.894429
Torus_R&B/0153.png -0.441423 -0.160354 0.882855
Torus_R&B/0154.png -0.551779 0.240532 0.798551
Torus_R&B/0155.png -0.566539 0.082322 0.819912
Torus_R&B/0156.png -0.566539 -0.082322 0.819912
Torus_R&B/0157.png -0.551779 -0.240532 0.798551
Torus_R&B/0158.png -0.645740 0.312768 0.696561
Torus_R&B/0159.png -0.670817 0.162457 0.723611
Torus_R&B/0160.png -0.679848 -0.000000 0.733353
Torus_R&B/0161.png -0.670817 -0.162457 0.723611
Torus_R&B/0162.png -0.645740 -0.312768 0.696560
Torus_R&B/0163.png -0.719015 0.373135 0.586334
Torus_R&B/0164.png -0.753363 0.234576 0.614343
Torus_R&B/0165.png -0.772492 0.080177 0.629942
Torus_R&B/0166.png -0.772492 -0.080177 0.629942
Torus_R&B/0167.png -0.753363 -0.234576 0.614343
Torus_R&B/0168.png -0.719015 -0.373135 0.586334
Torus_R&B/0169.png -0.063483 -0.195376 0.978672
Torus_R&B/0170.png -0.174138 -0.282901 0.943209
Torus_R&B/0171.png -0.025408 -0.331227 0.943209
Torus_R&B/0172.png -0.288916 -0.370262 0.882855
Torus_R&B/0173.png -0.138197 -0.425319 0.894430
Torus_R&B/0174.png 0.016098 -0.469369 0.882855
Torus_R&B/0175.png -0.399272 -0.450440 0.798552
Torus_R&B/0176.png -0.253366 -0.513369 0.819914
Torus_R&B/0177.png -0.096779 -0.564248 0.819914
Torus_R&B/0178.png 0.058250 -0.599101 0.798552
Torus_R&B/0179.png -0.497009 -0.517479 0.696561
Torus_R&B/0180.png -0.361804 -0.587778 0.723612
Torus_R&B/0181.png -0.210088 -0.646571 0.733355
Torus_R&B/0182.png -0.052790 -0.688185 0.723612
Torus_R&B/0183.png 0.097915 -0.710785 0.696561
Torus_R&B/0184.png -0.577066 -0.568513 0.586334
Torus_R&B/0185.png -0.455902 -0.643998 0.614345
Torus_R&B/0186.png -0.314971 -0.709904 0.629944
Torus_R&B/0187.png -0.162463 -0.759458 0.629944
Torus_R&B/0188.png -0.009708 -0.788978 0.614345
Torus_R&B/0189.png 0.132684 -0.799129 0.586335
Torus_R&B/0190.png 0.166198 -0.120749 0.978672
Torus_R&B/0191.png 0.215245 -0.253036 0.943209
Torus_R&B/0192.png 0.307167 -0.126518 0.943208
Torus_R&B/0193.png 0.262862 -0.389192 0.882855
Torus_R&B/0194.png 0.361800 -0.262863 0.894429
Torus_R&B/0195.png 0.451375 -0.129731 0.882854
Torus_R&B/0196.png 0.305014 -0.518924 0.798552
Torus_R&B/0197.png 0.409951 -0.399604 0.819913
Torus_R&B/0198.png 0.506729 -0.266403 0.819912
Torus_R&B/0199.png 0.587783 -0.129731 0.798549
Torus_R&B/0200.png 0.338569 -0.632593 0.696561
Torus_R&B/0201.png 0.447209 -0.525728 0.723612
Torus_R&B/0202.png 0.550008 -0.399605 0.733353
Torus_R&B/0203.png 0.638194 -0.262864 0.723610
Torus_R&B/0204.png 0.706258 -0.126519 0.696558
Torus_R&B/0205.png 0.362366 -0.724502 0.586334
Torus_R&B/0206.png 0.471599 -0.632594 0.614344
Torus_R&B/0207.png 0.577830 -0.518926 0.629943
Torus_R&B/0208.png 0.672087 -0.389194 0.629942
Torus_R&B/0209.png 0.747366 -0.253038 0.614342
Torus_R&B/0210.png 0.801022 -0.120750 0.586331
Torus_R&B/0211.png 0.903740 0.195376 0.380897
Torus_R&B/0212.png 0.921508 0.282902 0.266063
Torus_R&B/0213.png 0.854992 0.331229 0.399094
Torus_R&B/0214.png 0.918856 0.370264 0.136410
Torus_R&B/0215.png 0.861804 0.425322 0.276396
Torus_R&B/0216.png 0.782446 0.469371 0.409229
Torus_R&B/0217.png 0.846660 0.513372 0.140059
Torus_R&B/0218.png 0.776630 0.564251 0.280118
Torus_R&B/0219.png 0.688190 0.599104 0.409230
Torus_R&B/0220.png 0.749882 0.646576 0.140059
Torus_R&B/0221.png 0.670821 0.688189 0.276397
Torus_R&B/0222.png 0.579226 0.710788 0.399096
Torus_R&B/0223.png 0.636088 0.759463 0.136411
Torus_R&B/0224.png 0.553820 0.788982 0.266065
Torus_R&B/0225.png 0.465085 0.799132 0.380900
Torus_R&B/0226.png 0.093451 0.919882 0.380900
Torus_R&B/0227.png 0.015700 0.963827 0.266064
Torus_R&B/0228.png -0.050816 0.915500 0.399096
Torus_R&B/0229.png -0.068205 0.988302 0.136410
Torus_R&B/0230.png -0.138198 0.951055 0.276397
Torus_R&B/0231.png -0.204615 0.889193 0.409230
Torus_R&B/0232.png -0.226618 0.963861 0.140059
Torus_R&B/0233.png -0.296648 0.912981 0.280118
Torus_R&B/0234.png -0.357124 0.839639 0.409230
Torus_R&B/0235.png -0.383207 0.912982 0.140059
Torus_R&B/0236.png -0.447215 0.850649 0.276397
Torus_R&B/0237.png -0.497012 0.770520 0.399096
Torus_R&B/0238.png -0.525732 0.839642 0.136410
Torus_R&B/0239.png -0.579229 0.770522 0.266065
Torus_R&B/0240.png -0.616302 0.689266 0.380900
Torus_R&B/0241.png -0.845982 0.373136 0.380899
Torus_R&B/0242.png -0.911804 0.312769 0.266063
Torus_R&B/0243.png -0.886396 0.234577 0.399095
Torus_R&B/0244.png -0.961008 0.240533 0.136410
Torus_R&B/0245.png -0.947213 0.162458 0.276396
Torus_R&B/0246.png -0.908902 0.080178 0.409229
Torus_R&B/0247.png -0.986715 0.082322 0.140059
Torus_R&B/0248.png -0.959966 -0.000000 0.280117
Torus_R&B/0249.png -0.908902 -0.080178 0.409229
Torus_R&B/0250.png -0.986715 -0.082323 0.140059
Torus_R&B/0251.png -0.947213 -0.162458 0.276397
Torus_R&B/0252.png -0.886395 -0.234577 0.399095
Torus_R&B/0253.png -0.961008 -0.240534 0.136411
Torus_R&B/0254.png -0.911803 -0.312769 0.266065
Torus_R&B/0255.png -0.845982 -0.373136 0.380900
Torus_R&B/0256.png -0.616302 -0.689266 0.380900
Torus_R&B/0257.png -0.579229 -0.770521 0.266064
Torus_R&B/0258.png -0.497012 -0.770520 0.399096
Torus_R&B/0259.png -0.525732 -0.839641 0.136410
Torus_R&B/0260.png -0.447216 -0.850649 0.276397
Torus_R&B/0261.png -0.357124 -0.839639 0.409230
Torus_R&B/0262.png -0.383208 -0.912982 0.140059
Torus_R&B/0263.png -0.296649 -0.912981 0.280118
Torus_R&B/0264.png -0.204616 -0.889193 0.409230
Torus_R&B/0265.png -0.226619 -0.963861 0.140059
Torus_R&B/0266.png -0.138199 -0.951055 0.276397
Torus_R&B/0267.png -0.050817 -0.915500 0.399096
Torus_R&B/0268.png -0.068206 -0.988302 0.136410
Torus_R&B/0269.png 0.015699 -0.963827 0.266064
Torus_R&B/0270.png 0.093451 -0.919882 0.380900
Torus_R&B/0271.png 0.465085 -0.799132 0.380900
Torus_R&B/0272.png 0.553820 -0.788983 0.266064
Torus_R&B/0273.png 0.579226 -0.710788 0.399096
Torus_R&B/0274.png 0.636088 -0.759463 0.136410
Torus_R&B/0275.png 0.670820 -0.688190 0.276396
Torus_R&B/0276.png 0.688190 -0.599104 0.409229
Torus_R&B/0277.png 0.749882 -0.646576 0.140058
Torus_R&B/0278.png 0.776630 -0.564252 0.280116
Torus_R&B/0279.png 0.782446 -0.469372 0.409228
Torus_R&B/0280.png 0.846659 -0.513373 0.140057
Torus_R&B/0281.png 0.861804 -0.425323 0.276394
Torus_R&B/0282.png 0.854992 -0.331230 0.399093
Torus_R&B/0283.png 0.918856 -0.370266 0.136407
Torus_R&B/0284.png 0.921508 -0.282904 0.266061
Torus_R&B/0285.png 0.903740 -0.195377 0.380896
Torus_R&B/0286.png 0.298886 0.919883 0.253934
Torus_R&B/0287.png 0.379681 0.915502 0.133033
Torus_R&B/0288.png 0.230948 0.963828 0.133033
Torus_R&B/0289.png -0.782501 0.568515 0.253934
Torus_R&B/0290.png -0.753368 0.644002 0.133032
Torus_R&B/0291.png -0.845290 0.517482 0.133032
Torus_R&B/0292.png -0.782501 -0.568515 0.253934
Torus_R&B/0293.png -0.845290 -0.517482 0.133032
Torus_R&B/0294.png -0.753368 -0.644002 0.133032
Torus_R&B/0295.png 0.298886 -0.919883 0.253934
Torus_R&B/0296.png 0.230948 -0.963828 0.133032
Torus_R&B/0297.png 0.379681 -0.915502 0.133033
Torus_R&B/0298.png 0.967222 -0.000000 0.253931
Torus_R&B/0299.png 0.988023 -0.078192 0.133031
Torus_R&B/0300.png 0.988023 0.078192 0.133031
